2300 53 97
3385 53 97
4491 53 97
5016 53 97
5534 53 97
6113 55 97
6651 52 97
7750 52 97
8807 52 97
9855 57 97
10952 53 97
12014 53 97
13133 53 97
13647 53 97
14201 53 97
15225 52 97
16336 52 97
17971 52 97
18510 52 97
19563 57 97
20122 55 97
20721 53 97
21243 52 97
21735 55 97
22267 53 97
22833 52 97
23934 55 97
24455 53 97
24985 52 97
26071 57 97
27692 53 97
28235 57 97
29889 53 97
30445 52 97
32539 52 97
34745 55 97
36982 57 97
37954 58 97
39051 57 97
40111 53 97
41257 57 97
42279 58 97
43316 57 97
44433 48 97
45487 57 97
46572 58 97
47692 57 97
48764 57 97
49887 53 97
50913 57 97
51510 58 97
51997 57 97
53073 55 97
54172 57 97
54777 57 97
55274 57 97
56377 53 97
57418 52 97
58504 60 97
59568 61 97
60724 55 97
61731 52 97
62812 53 97
64967 55 97
66403 53 97
66662 57 97
