2076 65 97
2362 65 97
3212 65 97
3467 65 97
4317 65 97
4562 65 97
4832 65 97
5112 65 97
5383 65 97
5954 67 97
6478 64 97
7016 64 97
7545 64 97
7804 62 97
8083 64 97
8654 64 97
8873 62 97
9139 64 97
9431 60 97
9715 69 97
10774 65 97
11031 65 97
11846 65 97
12117 65 97
12925 65 97
13197 65 97
13463 65 97
14018 65 97
14541 65 97
14792 67 97
15064 64 97
15642 64 97
16165 64 97
16429 62 97
17545 64 97
17804 64 97
18051 64 97
18342 64 97
19467 67 97
19716 69 97
19965 67 97
20280 67 97
20535 65 97
20794 65 97
21055 64 97
21318 67 97
21839 67 97
22098 65 97
22365 65 97
22597 64 97
23498 67 97
24015 67 97
24266 65 97
24549 65 97
24822 64 97
25380 60 97
25916 69 97
27497 65 97
27760 69 97
28314 69 97
28578 67 97
28862 67 97
29150 65 97
29639 64 97
29944 67 97
30478 67 97
30717 65 97
31005 65 97
31261 64 97
31541 62 97
32891 67 97
33153 67 97
33454 67 97
33714 65 97
33981 67 97
34265 69 97
34794 67 97
35090 67 97
35647 67 97
35926 65 97
36194 67 97
36454 69 97
37261 65 97
37519 62 97
37797 70 97
38895 69 97
39419 67 97
39688 67 97
39979 67 97
40220 65 97
40464 67 97
40749 69 97
41548 65 97
41813 62 97
42093 70 97
43189 69 97
43707 65 97
43989 65 97
44280 72 97
44529 70 97
44792 69 97
45046 70 97
45315 69 97
45871 65 97
46117 62 97
46414 70 97
47502 69 97
47811 65 97
48072 65 97
48326 65 97
48612 72 97
48884 70 97
49142 69 97
49427 70 97
49686 69 97
50261 65 97
50486 62 97
52178 69 97
52418 67 97
52697 65 97
52962 67 97
53480 65 97
53745 67 97
53986 69 97
54586 69 97
55084 69 97
55342 67 97
55630 65 97
55921 67 97
56955 69 97
57763 65 97
58027 65 97
58314 72 97
58599 72 97
58881 72 97
59470 73 97
59963 67 97
60243 69 97
60512 67 97
60731 65 97
61007 62 97
61837 67 97
62417 69 97
62937 67 97
63226 65 97
63498 67 97
64032 62 97
65073 67 97
65350 67 97
65596 67 97
65869 67 97
66113 65 97
66413 69 97
