1393 62 59
1393 66 73
1393 47 67
1903 66 55
1903 69 69
2149 69 54
2149 73 68
2647 66 54
2647 69 68
3140 62 54
3141 66 68
3390 62 67
3390 56 55
3655 62 62
3655 56 50
3902 62 63
3902 56 51
5140 61 62
5140 53 62
5389 62 57
5389 47 49
5389 54 63
5654 62 54
5654 66 68
5903 66 55
5903 69 69
6150 69 54
6150 73 68
6647 66 54
6648 69 68
7141 62 54
7141 66 68
7389 64 59
7389 68 59
7389 76 73
7389 56 67
8149 63 54
8149 67 54
8149 75 68
8149 55 62
8398 62 57
8398 66 57
8398 74 71
8398 54 65
9391 68 67
9391 45 67
9902 73 63
9902 61 55
9902 64 69
10150 66 62
10647 73 62
10647 52 62
11140 68 62
11140 56 62
11655 73 62
11655 61 54
11655 64 68
12150 67 62
12150 55 62
12398 66 57
12399 54 57
12894 64 63
12894 61 63
13391 54 59
13391 60 69
13391 38 66
13655 54 54
13655 60 64
13655 38 61
13902 54 55
13902 60 65
13902 38 62
14893 54 43
14894 60 53
14894 38 50
15141 54 42
15141 60 52
15141 38 49
15391 54 47
15391 60 61
15391 38 54
16398 56 57
16398 59 57
16398 63 71
16894 55 55
16895 58 55
16895 62 69
17390 62 59
17390 66 73
17390 54 59
17390 57 59
17390 61 73
17903 66 55
17903 69 69
18150 69 54
18150 73 68
18648 66 54
18648 69 68
19141 63 54
19142 66 68
19142 62 62
19390 64 57
19390 56 49
19391 62 59
19654 64 62
19655 56 54
19655 62 64
19903 64 63
19903 56 55
19903 62 65
20399 68 57
20399 76 67
20648 68 54
20648 76 64
20894 68 55
20894 76 69
21391 47 67
21655 62 54
21655 66 68
21902 66 55
21903 69 69
22150 69 54
22150 73 68
22651 66 54
22651 69 68
23156 62 54
23156 66 68
23414 64 59
23414 68 59
23414 73 73
23414 52 67
24427 62 57
24427 66 57
24427 71 71
24427 50 65
25419 71 67
25419 52 67
25685 67 62
25932 62 63
25932 59 63
26178 61 62
26178 45 62
26678 71 62
26678 57 54
26678 61 68
26924 67 63
27169 61 62
27420 69 67
27420 50 67
27684 66 62
27932 60 63
27932 57 63
28178 59 62
28178 43 62
28677 65 62
28677 55 54
28677 59 68
28923 62 63
29170 59 62
29419 54 59
29419 61 69
29419 47 47
29419 52 61
29684 54 54
29685 61 64
29685 47 42
29685 52 52
29932 54 55
29932 61 65
29932 47 43
29932 52 53
31169 70 62
31169 49 62
31419 71 57
31419 50 57
31685 73 62
31685 55 62
31932 74 57
31933 56 57
32178 78 62
32178 61 62
32427 81 57
32427 67 57
34428 57 62
34923 58 62
35419 59 62
35420 52 67
35932 52 55
35932 55 69
36179 58 62
36179 47 62
36427 59 62
36676 52 54
36676 55 68
37420 45 67
37684 52 54
37684 55 68
37933 57 62
38178 58 62
38178 52 62
38428 59 62
38676 66 62
38924 54 55
38924 55 55
38924 59 69
39170 61 62
39420 59 62
39420 50 67
39932 54 55
39932 57 69
40178 58 62
40179 45 62
40427 59 62
40676 54 54
40676 57 68
41171 49 62
41419 50 67
41685 54 54
41685 57 68
42178 45 62
42428 59 62
42923 60 62
42923 54 55
42923 57 69
43419 61 62
43419 42 67
43933 51 55
43933 59 69
44179 60 62
44179 49 62
44427 61 62
44683 49 54
44683 58 68
45170 41 62
45420 42 67
45684 49 54
45684 58 68
45933 61 62
46178 60 62
46178 37 61
46427 61 62
46677 68 62
46924 49 55
46924 58 69
47171 63 62
47420 61 62
47420 42 67
47933 54 55
47933 57 69
48179 63 62
48179 47 62
48427 59 57
48677 54 54
48677 57 68
49170 61 62
49419 62 57
49419 40 66
49685 66 54
49685 69 68
50178 62 62
50428 64 57
50428 68 67
50428 49 45
50428 59 55
50676 64 54
50676 68 64
50676 49 42
50676 59 52
50924 64 55
50924 68 65
50925 49 55
50925 59 65
51423 62 59
51424 66 73
51424 47 67
51933 66 55
51933 69 69
52180 69 54
52180 73 68
